=== Run information ===

Scheme:weka.clusterers.EM -I 100 -N -1 -M 1.0E-6 -S 100
Relation:     series-weka.filters.unsupervised.attribute.Remove-R1-weka.filters.unsupervised.attribute.Remove-R1-weka.filters.unsupervised.attribute.Remove-R17-weka.filters.unsupervised.attribute.Remove-R40,97,177
Instances:    1311
Attributes:   200
[list of attributes omitted]
Test mode:evaluate on training data

=== Model and evaluation on training set ===


EM
==

Number of clusters selected by cross validation: 12


                                     Cluster
Attribute                                  0       1       2       3       4       5       6       7       8       9      10      11
                                      (0.25)  (0.03)  (0.09)  (0.02)  (0.02)  (0.09)  (0.14)  (0.06)  (0.22)  (0.05)  (0.03)  (0.01)
=====================================================================================================================================
Desconocido
  mean                                 0.2623  0.2009  0.3422  0.2999  0.2924  0.3655  0.2678  0.2864  0.3084  0.2692  0.3004   0.269
  std. dev.                            0.0664  0.0827  0.1177  0.0871  0.1314  0.1658  0.0757  0.1356  0.1084  0.0674  0.0859   0.075

ABouncySpringyIndexTropes
  mean                                      0       0  0.0001       0       0       0       0  0.0001  0.0004       0  0.0002  0.0019
  std. dev.                            0.0002       0   0.001  0.0019  0.0019  0.0004  0.0004  0.0004  0.0037       0  0.0008  0.0048

ADishonorableIndexTropes
  mean                                 0.0019  0.0004  0.0003  0.0004  0.0006       0  0.0007   0.001  0.0007  0.0004  0.0006  0.0011
  std. dev.                            0.0058  0.0022  0.0019  0.0018   0.003  0.0004  0.0025   0.006   0.003  0.0018  0.0022   0.004

AForgivingIndexTropes
  mean                                 0.0004       0       0  0.0009  0.0017       0  0.0003  0.0008  0.0001  0.0001  0.0001       0
  std. dev.                            0.0018  0.0018  0.0003  0.0044  0.0069  0.0018  0.0014  0.0036  0.0004  0.0006  0.0007  0.0002

APoliteIndexTropes
  mean                                  0.006  0.0006  0.0073  0.0055  0.0093  0.0021  0.0106  0.0085  0.0066  0.0101  0.0065  0.0209
  std. dev.                            0.0079  0.0031  0.0139   0.013  0.0237  0.0091  0.0152  0.0183  0.0098  0.0125  0.0097  0.0304

AbuseTropes
  mean                                 0.0089  0.0003  0.0063  0.0037  0.0018  0.0045  0.0118    0.01  0.0083    0.01  0.0043  0.0073
  std. dev.                            0.0114  0.0021  0.0119  0.0087  0.0071  0.0173   0.026  0.0229  0.0117   0.016   0.008  0.0119

ActionAdventureTropes
  mean                                 0.0427  0.0133  0.0189  0.0171  0.0239  0.0216   0.035   0.037  0.0203  0.0295  0.0465  0.0163
  std. dev.                            0.0355  0.0286  0.0226  0.0251  0.0294   0.053  0.0345  0.0497  0.0219   0.026  0.0369  0.0256

AdministriviaTropes
  mean                                      0  0.0004       0       0       0  0.0004  0.0006       0       0  0.0002  0.0001       0
  std. dev.                            0.0003  0.0021  0.0025  0.0001  0.0025  0.0042  0.0056  0.0025  0.0001  0.0009  0.0005  0.0025

AdvertisingTropes
  mean                                 0.0029  0.0113  0.0079    0.01   0.007  0.0088  0.0043  0.0051   0.009  0.0063  0.0093  0.0021
  std. dev.                            0.0066  0.0191  0.0151  0.0204  0.0251  0.0303  0.0084  0.0141   0.016  0.0211  0.0114  0.0052

AfterlifeTropes
  mean                                 0.0013       0  0.0005       0       0  0.0033  0.0017  0.0003  0.0001       0  0.0004       0
  std. dev.                            0.0048  0.0105  0.0039       0       0  0.0313  0.0112  0.0023  0.0008  0.0002  0.0019  0.0105

AlternateHistoryTropes
  mean                                 0.0037       0  0.0003  0.0005  0.0013  0.0004  0.0047  0.0005  0.0004  0.0015  0.0011  0.0008
  std. dev.                            0.0087  0.0099  0.0017  0.0027  0.0066  0.0028  0.0227  0.0027  0.0016   0.005  0.0037  0.0028

AnimalTropes
  mean                                 0.0023  0.0023  0.0034   0.012  0.0038  0.0071  0.0038  0.0012   0.004  0.0026  0.0039       0
  std. dev.                            0.0056  0.0068  0.0125  0.0324  0.0191  0.0371  0.0115  0.0049  0.0146  0.0099  0.0073       0

AnimationTropes
  mean                                 0.0048  0.0053   0.011  0.0198  0.0019  0.0078  0.0059  0.0054  0.0109  0.0049  0.0108  0.0065
  std. dev.                            0.0071  0.0118  0.0211  0.0283  0.0076   0.022  0.0101  0.0161   0.015  0.0095  0.0157  0.0128

AnnoyanceTropes
  mean                                 0.0007  0.0191   0.002  0.0047       0  0.0001  0.0011  0.0006   0.002  0.0015  0.0012  0.0013
  std. dev.                            0.0027  0.0307  0.0073  0.0091  0.0002  0.0012   0.004  0.0026  0.0053  0.0034   0.004  0.0045

AnxietyTropes
  mean                                 0.0002       0  0.0001  0.0014  0.0067       0  0.0006  0.0008  0.0004  0.0007  0.0002       0
  std. dev.                            0.0008  0.0039  0.0012  0.0053  0.0231  0.0039  0.0029   0.004  0.0014  0.0035  0.0009  0.0002

ApathyIndex
  mean                                 0.0032  0.0048   0.003  0.0087  0.0073  0.0027  0.0033  0.0018  0.0043   0.004  0.0102  0.0027
  std. dev.                            0.0062   0.012   0.007   0.025  0.0198  0.0103  0.0071   0.006  0.0085  0.0088  0.0175  0.0094

AppliedPhlebotinum
  mean                                 0.0115  0.0021  0.0013  0.0163  0.0082  0.0156  0.0088  0.0087  0.0029  0.0056  0.0166  0.0006
  std. dev.                            0.0182  0.0058  0.0047  0.0323  0.0192  0.0386  0.0151  0.0231  0.0081  0.0126  0.0202  0.0021

ArtTropes
  mean                                 0.0004  0.0018  0.0009  0.0028       0       0  0.0004  0.0017  0.0006  0.0001       0       0
  std. dev.                            0.0016  0.0079  0.0041  0.0136  0.0035  0.0035  0.0018  0.0073  0.0022  0.0008  0.0004  0.0035

ArtisticLicenseTropes
  mean                                 0.0028  0.0003  0.0013  0.0103  0.0016  0.0008  0.0014  0.0003  0.0016  0.0016  0.0013  0.0028
  std. dev.                            0.0079  0.0015  0.0049  0.0179  0.0059  0.0043  0.0037  0.0014  0.0046  0.0053  0.0038   0.008

AudienceReactionsTropes
  mean                                 0.0098  0.0069  0.0097  0.0085  0.0071  0.0112  0.0103  0.0084  0.0151  0.0102  0.0103  0.0048
  std. dev.                            0.0122  0.0143  0.0153  0.0132  0.0171  0.0335  0.0137  0.0229  0.0199  0.0154   0.011  0.0142

BargainTropes
  mean                                 0.0017  0.0005  0.0011  0.0015       0  0.0027  0.0017  0.0008  0.0011  0.0009  0.0002       0
  std. dev.                            0.0047  0.0022  0.0052  0.0056       0  0.0156  0.0055  0.0033  0.0032  0.0042  0.0011  0.0006

BetrayalTropes
  mean                                 0.0114  0.0002  0.0027  0.0038  0.0041  0.0008  0.0106   0.008  0.0018  0.0044  0.0047  0.0006
  std. dev.                            0.0137  0.0015  0.0081  0.0085  0.0118  0.0045  0.0325  0.0202  0.0041  0.0077  0.0105   0.002

BiologyTropes
  mean                                 0.0002       0       0       0       0       0  0.0013       0       0  0.0001  0.0003       0
  std. dev.                            0.0009  0.0036       0  0.0036  0.0036  0.0036  0.0095  0.0036  0.0004   0.001  0.0019  0.0036

BookishTropes
  mean                                 0.0008       0  0.0001  0.0017       0  0.0005  0.0002  0.0001  0.0005  0.0015  0.0003  0.0048
  std. dev.                            0.0036  0.0035  0.0011  0.0067  0.0035   0.004  0.0012  0.0007  0.0022  0.0073  0.0014  0.0147

BooksTropes
  mean                                 0.0004  0.0003  0.0003       0       0  0.0004  0.0002       0  0.0001  0.0003       0       0
  std. dev.                            0.0024  0.0015  0.0019  0.0019  0.0019  0.0038   0.001  0.0019  0.0005  0.0024  0.0019  0.0019

BoxTropes
  mean                                 0.0003  0.0017  0.0006  0.0001       0  0.0001       0  0.0001  0.0003       0       0       0
  std. dev.                            0.0015  0.0062  0.0045   0.001  0.0021  0.0015  0.0004  0.0013  0.0018       0       0  0.0001

BraveryTropes
  mean                                 0.0027       0  0.0004       0  0.0016  0.0001  0.0021  0.0054  0.0003  0.0013  0.0015       0
  std. dev.                            0.0058  0.0066  0.0022  0.0001   0.007  0.0009  0.0058  0.0211  0.0015  0.0043  0.0042  0.0066

BritishMediaTropes
  mean                                 0.0009  0.0008       0       0       0  0.0021  0.0004  0.0003  0.0008  0.0006  0.0005       0
  std. dev.                            0.0058  0.0046  0.0049       0       0  0.0103  0.0025  0.0023  0.0044  0.0025  0.0028  0.0049

CameraTricksTropes
  mean                                 0.0024  0.0006  0.0014  0.0303  0.0001  0.0006  0.0023  0.0016  0.0036  0.0026  0.0077       0
  std. dev.                            0.0046  0.0024  0.0042  0.0273  0.0009  0.0033  0.0049  0.0076  0.0083  0.0057  0.0113       0

CelebrationTropes
  mean                                 0.0012  0.0065   0.017  0.0012   0.002       0  0.0018  0.0018  0.0038  0.0015  0.0034  0.0008
  std. dev.                            0.0041   0.015   0.021  0.0033  0.0073  0.0001  0.0044  0.0065  0.0071  0.0049  0.0059  0.0029

CensorshipTropes
  mean                                 0.0101  0.0149   0.021  0.0161   0.001  0.0111  0.0109  0.0078  0.0195  0.0142  0.0092  0.0142
  std. dev.                            0.0137  0.0198  0.0277  0.0224  0.0044  0.0348  0.0138  0.0154  0.0199  0.0197  0.0116  0.0257

CharacterizationTropes
  mean                                 0.0038  0.0004  0.0029  0.0003       0  0.0045  0.0042   0.005  0.0053  0.0044   0.004  0.0107
  std. dev.                            0.0071  0.0019  0.0075  0.0013  0.0003  0.0196  0.0075  0.0138  0.0123  0.0083  0.0063  0.0205

Characters
  mean                                 0.0006       0  0.0002  0.0011  0.0063  0.0021  0.0003  0.0003  0.0004  0.0004  0.0002       0
  std. dev.                            0.0023  0.0066  0.0013  0.0053  0.0205  0.0187  0.0013   0.002  0.0015  0.0017  0.0016  0.0006

CharactersAsDevice
  mean                                  0.071  0.0116   0.079  0.0562  0.0702   0.068  0.0861  0.0919  0.0738  0.0794  0.0554  0.0811
  std. dev.                            0.0437  0.0173  0.0665  0.0461  0.0665  0.0835  0.0568  0.0832  0.0535   0.052  0.0375  0.0694

CircusIndexTropes
  mean                                 0.0006       0       0       0       0       0  0.0008  0.0001  0.0001  0.0001  0.0004       0
  std. dev.                            0.0051  0.0037  0.0002  0.0037       0  0.0037  0.0072  0.0005  0.0005  0.0009  0.0021  0.0037

CleanlinessTropes
  mean                                 0.0003       0  0.0005       0       0  0.0004       0  0.0008  0.0006  0.0016  0.0007  0.0006
  std. dev.                            0.0013  0.0033  0.0035  0.0033  0.0033  0.0027  0.0002  0.0057  0.0046  0.0059  0.0037   0.002

ClownTropes
  mean                                 0.0004       0  0.0004       0       0       0  0.0001       0  0.0005  0.0001  0.0015  0.0008
  std. dev.                            0.0022   0.002   0.002   0.002   0.002  0.0001  0.0006   0.002  0.0026  0.0005  0.0049  0.0028

CombatTropes
  mean                                 0.0057  0.0011  0.0003  0.0011  0.0001  0.0014   0.004  0.0011  0.0025  0.0037  0.0038  0.0029
  std. dev.                            0.0101  0.0043  0.0018  0.0038  0.0009  0.0085   0.009  0.0044  0.0079  0.0072  0.0059  0.0101

ComedyTropes
  mean                                  0.038  0.0461  0.0694  0.0571  0.0402  0.0238  0.0478  0.0359  0.0996  0.0507  0.0518  0.0519
  std. dev.                            0.0315  0.0466  0.0567  0.0598  0.0572  0.0353  0.0388    0.05   0.057  0.0509  0.0538  0.0482

CreatorSpeakTropes
  mean                                 0.0096  0.0094   0.015  0.0167  0.0122  0.0208  0.0123  0.0171  0.0135  0.0097  0.0125   0.005
  std. dev.                            0.0102  0.0124   0.018   0.023  0.0264  0.0427  0.0153  0.0249  0.0178  0.0123  0.0118  0.0146

CreatorsTropes
  mean                                 0.0002   0.001       0  0.0002       0  0.0021  0.0006  0.0002  0.0003  0.0022  0.0005       0
  std. dev.                            0.0013  0.0036   0.005  0.0012  0.0003  0.0143  0.0032  0.0015  0.0021  0.0081  0.0028  0.0002

CrimeAndPunishmentTropes
  mean                                 0.0274  0.0004  0.0105  0.0162  0.1309  0.0121  0.0137  0.0279  0.0066  0.0305  0.0028  0.0138
  std. dev.                            0.0388  0.0022  0.0283  0.0297  0.1722  0.0314  0.0248  0.0499  0.0158  0.0452  0.0058  0.0247

CriticismTropes
  mean                                 0.0001  0.0012  0.0001       0  0.0004  0.0001  0.0001       0  0.0005  0.0021       0       0
  std. dev.                            0.0007  0.0064   0.001  0.0008  0.0022  0.0009  0.0009  0.0002  0.0027  0.0078  0.0025       0

CurrencyTropes
  mean                                 0.0001  0.0042  0.0007       0       0       0  0.0008       0  0.0001  0.0001       0       0
  std. dev.                            0.0006  0.0114  0.0038  0.0031  0.0031  0.0031  0.0051  0.0031  0.0008  0.0006  0.0031       0

DatingTropes
  mean                                      0       0       0       0  0.0031   0.001  0.0008       0  0.0007  0.0001  0.0001       0
  std. dev.                            0.0002  0.0033  0.0002  0.0002  0.0106  0.0087  0.0026  0.0033  0.0021  0.0009  0.0007  0.0002

DeathTropes
  mean                                 0.0385  0.0013   0.009  0.0065  0.0174  0.0072  0.0143  0.0151  0.0065  0.0224  0.0116  0.0126
  std. dev.                            0.0321  0.0041  0.0165  0.0108  0.0283  0.0193   0.019  0.0272  0.0111  0.0246   0.015  0.0181

DerivativeWorks
  mean                                 0.0052  0.0206  0.0103  0.0286  0.0024  0.0154  0.0059  0.0084  0.0069  0.0073  0.0062  0.0141
  std. dev.                            0.0093  0.0282  0.0188  0.0542   0.009  0.0438  0.0102  0.0184  0.0114  0.0106  0.0099  0.0219

Dialogue
  mean                                 0.0147  0.0176  0.0139  0.0091  0.0193   0.016  0.0156  0.0118  0.0213  0.0158  0.0094  0.0047
  std. dev.                            0.0146  0.0248  0.0183  0.0197  0.0286  0.0538  0.0176  0.0201  0.0235  0.0201   0.012  0.0093

DignityTropes
  mean                                 0.0038  0.0015  0.0024  0.0014  0.0092  0.0048  0.0024  0.0002   0.003  0.0012  0.0029       0
  std. dev.                            0.0116  0.0053  0.0075  0.0046  0.0282  0.0234  0.0076   0.001   0.009  0.0031  0.0064       0

DiscordTropes
  mean                                  0.007  0.0012  0.0035  0.0082       0  0.0072  0.0072  0.0099  0.0058  0.0064  0.0023   0.023
  std. dev.                            0.0093  0.0046  0.0064  0.0175  0.0003  0.0208  0.0106   0.023  0.0107  0.0095  0.0048  0.0263

DistractionTropes
  mean                                 0.0002       0  0.0003       0       0       0  0.0002       0  0.0006  0.0003       0  0.0008
  std. dev.                            0.0011  0.0017  0.0021  0.0001  0.0017  0.0001  0.0015  0.0017  0.0026  0.0023       0  0.0028

DoctorIndexTropes
  mean                                 0.0017       0   0.001   0.001  0.0006       0  0.0011  0.0001  0.0003  0.0149   0.001  0.0026
  std. dev.                            0.0036  0.0056  0.0042  0.0032   0.003  0.0003  0.0032  0.0011  0.0012   0.017   0.003   0.009

DoorTropes
  mean                                 0.0001       0       0  0.0004       0       0       0  0.0002  0.0003  0.0003  0.0006       0
  std. dev.                            0.0005  0.0016  0.0004  0.0018  0.0016  0.0016  0.0001  0.0013  0.0029  0.0019  0.0026  0.0016

DramaTropes
  mean                                 0.0076  0.0047  0.0028  0.0039   0.003  0.0101  0.0059  0.0081  0.0037  0.0076  0.0036  0.0044
  std. dev.                            0.0107  0.0113  0.0065  0.0082  0.0129  0.0314  0.0091  0.0216  0.0059   0.012   0.007  0.0098

DuelingTropes
  mean                                      0       0  0.0001  0.0002       0       0       0       0       0  0.0006  0.0001       0
  std. dev.                            0.0002  0.0008  0.0006  0.0011  0.0008  0.0008  0.0001  0.0008  0.0008  0.0034  0.0006  0.0008

ElementsNatureTropes
  mean                                 0.0009  0.0005  0.0001       0       0       0  0.0019  0.0002  0.0001  0.0012  0.0031  0.0034
  std. dev.                            0.0041  0.0022  0.0006  0.0005  0.0002       0  0.0095   0.002  0.0007  0.0055  0.0071  0.0121

EmotionTropes
  mean                                 0.0019       0  0.0003       0  0.0004       0   0.001  0.0076  0.0011  0.0025  0.0028       0
  std. dev.                             0.004  0.0052   0.002       0  0.0022  0.0052  0.0029  0.0146  0.0032  0.0081   0.006       0

EspionageTropes
  mean                                 0.0035  0.0001  0.0001  0.0016  0.0015  0.0009  0.0011  0.0024  0.0013  0.0012  0.0001       0
  std. dev.                            0.0078  0.0007  0.0006  0.0053  0.0069  0.0062  0.0037  0.0135  0.0098  0.0043  0.0009       0

EuropeIndexTropes
  mean                                 0.0028  0.0019   0.002   0.001       0  0.0014  0.0036  0.0008   0.003  0.0042  0.0031  0.0054
  std. dev.                            0.0055  0.0057  0.0059  0.0032  0.0006  0.0082  0.0087  0.0036  0.0066  0.0093  0.0081   0.013

ExcuseIndexTropes
  mean                                 0.0015       0   0.001       0       0  0.0002  0.0009  0.0007  0.0012   0.003  0.0002  0.0039
  std. dev.                            0.0039  0.0042  0.0047  0.0001  0.0042  0.0017  0.0034  0.0037   0.004  0.0088  0.0014  0.0101

FameReputationTropes
  mean                                 0.0021  0.0001  0.0001  0.0011  0.0005  0.0002  0.0019  0.0006   0.001  0.0037  0.0016  0.0022
  std. dev.                            0.0062  0.0007  0.0012  0.0053  0.0023  0.0021  0.0052  0.0031  0.0034  0.0111  0.0054  0.0119

FamilyTropes
  mean                                 0.0031  0.0002  0.0032  0.0033  0.0084  0.0028  0.0038  0.0045   0.003  0.0023  0.0028  0.0067
  std. dev.                            0.0067  0.0012  0.0121  0.0114  0.0249   0.012   0.009  0.0128  0.0065  0.0063  0.0074  0.0165

FandomTropes
  mean                                 0.0003   0.001  0.0008  0.0029       0  0.0001  0.0004   0.001  0.0005  0.0013   0.002       0
  std. dev.                            0.0014  0.0047  0.0038  0.0069  0.0002  0.0011  0.0021  0.0045  0.0021  0.0059  0.0047  0.0002

FanserviceTropes
  mean                                 0.0083  0.0099  0.0074   0.007  0.0029  0.0103  0.0061  0.0139  0.0084  0.0113  0.0061  0.0083
  std. dev.                            0.0148  0.0284  0.0144  0.0186  0.0097  0.0305  0.0106  0.0246  0.0145   0.025  0.0106  0.0122

FateProphecyTropes
  mean                                 0.0028       0  0.0002  0.0001       0  0.0004  0.0016       0  0.0003  0.0001  0.0003  0.0008
  std. dev.                            0.0091  0.0053  0.0016   0.001  0.0053  0.0021  0.0056  0.0053  0.0015  0.0006  0.0011  0.0028

FilmTropes
  mean                                 0.0025   0.002  0.0016  0.0092  0.0014  0.0054  0.0022  0.0022  0.0039  0.0039  0.0054  0.0015
  std. dev.                            0.0063  0.0068  0.0058  0.0196  0.0068  0.0227  0.0058  0.0074  0.0111   0.008  0.0098  0.0053

FlyingTropes
  mean                                 0.0003       0  0.0001  0.0004       0  0.0018  0.0008  0.0003  0.0001  0.0002  0.0006       0
  std. dev.                            0.0018  0.0031  0.0006   0.002  0.0031  0.0087  0.0036  0.0015  0.0006  0.0012  0.0018  0.0001

FoodTropes
  mean                                 0.0033  0.0015  0.0061  0.0088  0.0055  0.0046  0.0044   0.001  0.0079  0.0029  0.0043  0.0015
  std. dev.                            0.0059  0.0054  0.0217  0.0171  0.0215   0.026  0.0098  0.0041  0.0324  0.0067  0.0095  0.0052

FrenemyTropes
  mean                                 0.0019  0.0001  0.0023       0  0.0027  0.0004  0.0046   0.004  0.0019  0.0017  0.0044  0.0006
  std. dev.                            0.0038  0.0007  0.0068  0.0005  0.0122  0.0038  0.0098  0.0112  0.0051  0.0047  0.0063   0.002

FriendshipTropes
  mean                                 0.0049  0.0009   0.005  0.0076  0.0046  0.0079  0.0071   0.006  0.0059  0.0071  0.0045  0.0098
  std. dev.                            0.0084  0.0056  0.0101  0.0183  0.0166  0.0348  0.0125  0.0148  0.0093  0.0126  0.0076  0.0168

FurnitureTropes
  mean                                 0.0005       0  0.0006  0.0002       0  0.0001  0.0003  0.0016  0.0001  0.0008  0.0001  0.0015
  std. dev.                            0.0024       0  0.0033  0.0011  0.0024  0.0009  0.0019  0.0058  0.0006  0.0033  0.0006  0.0052

GamblingTropes
  mean                                 0.0002  0.0075  0.0005  0.0012       0       0  0.0003  0.0007   0.001  0.0007  0.0004       0
  std. dev.                            0.0011   0.016  0.0039  0.0034  0.0042  0.0004  0.0018  0.0058  0.0041  0.0035  0.0021       0

GameShowTropes
  mean                                 0.0002  0.3579  0.0263  0.0036       0  0.0002  0.0002  0.0105  0.0046  0.0024  0.0005  0.0015
  std. dev.                            0.0016  0.1929  0.0857  0.0137  0.0005  0.0023  0.0011  0.0398  0.0163  0.0115  0.0026  0.0054

GameTropes
  mean                                 0.0006  0.0094  0.0009       0       0       0  0.0001  0.0007  0.0004       0  0.0005       0
  std. dev.                             0.004   0.017  0.0037  0.0004  0.0002  0.0043   0.001  0.0051  0.0017  0.0004  0.0019  0.0002

GenresTropes
  mean                                 0.0042  0.0041  0.0005  0.0027  0.0058  0.0042  0.0025  0.0089  0.0017  0.0051  0.0014  0.0033
  std. dev.                            0.0077  0.0115  0.0021  0.0092  0.0174  0.0151  0.0061  0.0227  0.0042  0.0132   0.003  0.0067

GeometryTropes
  mean                                      0       0       0       0       0   0.001  0.0001       0       0  0.0005  0.0004       0
  std. dev.                            0.0004  0.0024  0.0004  0.0002  0.0002  0.0076  0.0005  0.0024  0.0002  0.0024  0.0012  0.0002

HealingCuringTropes
  mean                                 0.0011       0  0.0001  0.0006       0       0  0.0021       0       0       0  0.0004       0
  std. dev.                            0.0034  0.0077  0.0008   0.002  0.0005  0.0077    0.02  0.0077  0.0003       0  0.0027  0.0077

HorrorTropes
  mean                                 0.0183  0.0038  0.0021  0.0049       0  0.0053   0.007   0.003   0.003  0.0103  0.0073  0.0072
  std. dev.                            0.0347  0.0115  0.0088  0.0183  0.0002  0.0182  0.0162  0.0105  0.0066  0.0147  0.0155  0.0143

INeedIndexMondayTropes
  mean                                 0.0041       0   0.004   0.001  0.0087  0.0057  0.0032  0.0067  0.0037  0.0035  0.0027  0.0113
  std. dev.                            0.0082  0.0117  0.0111  0.0049  0.0239  0.0225  0.0076  0.0205  0.0079  0.0068  0.0049  0.0183

IgnoredIndexTropes
  mean                                 0.0018       0  0.0002  0.0001  0.0032  0.0001  0.0011  0.0007  0.0003  0.0007  0.0007       0
  std. dev.                            0.0047  0.0036  0.0012   0.001  0.0112  0.0009  0.0045  0.0034  0.0014  0.0024  0.0021  0.0036

IndexApologiesTropes
  mean                                      0       0       0       0       0       0  0.0002       0       0       0  0.0001       0
  std. dev.                            0.0001  0.0007  0.0002  0.0007  0.0007  0.0007  0.0017  0.0007       0  0.0007  0.0006  0.0007

IndexFailureTropes
  mean                                 0.0073  0.0016  0.0054  0.0047  0.0064  0.0052  0.0062  0.0027  0.0056  0.0061  0.0055  0.0106
  std. dev.                            0.0104  0.0054  0.0165  0.0099   0.013  0.0249  0.0138  0.0086  0.0094  0.0096  0.0093  0.0171

IndexSkyTropes
  mean                                 0.0001       0       0       0       0       0       0       0       0  0.0002   0.002       0
  std. dev.                            0.0008  0.0014  0.0014  0.0014  0.0014  0.0014  0.0014  0.0014  0.0014  0.0014  0.0073  0.0014

IndexSolutionsTropes
  mean                                 0.0006       0       0  0.0004  0.0029  0.0001  0.0004   0.001  0.0003  0.0009  0.0007  0.0015
  std. dev.                            0.0019       0  0.0007  0.0018  0.0147  0.0006  0.0019  0.0047  0.0013  0.0034  0.0026  0.0053

IndexitisTropes
  mean                                 0.0018  0.0005  0.0007   0.002  0.0013   0.001  0.0018  0.0044  0.0007  0.0031  0.0037  0.0037
  std. dev.                            0.0049  0.0029  0.0025  0.0062  0.0066  0.0056  0.0061    0.03  0.0024   0.009  0.0084  0.0092

InformationDeskTropes
  mean                                 0.0005       0  0.0001       0       0       0  0.0001       0       0       0  0.0003       0
  std. dev.                            0.0025  0.0014  0.0013  0.0014  0.0014  0.0014  0.0004  0.0014  0.0003       0  0.0016  0.0014

InjuryTropes
  mean                                 0.0016  0.0018  0.0006       0       0  0.0005  0.0009  0.0001  0.0004  0.0017  0.0006  0.0015
  std. dev.                            0.0043  0.0063  0.0027  0.0035  0.0035  0.0029  0.0033   0.001  0.0015   0.007  0.0028  0.0052

IntelligenceTropes
  mean                                 0.0072  0.0037  0.0103  0.0051  0.0039  0.0019  0.0105  0.0205  0.0085  0.0084  0.0082  0.0129
  std. dev.                              0.01  0.0102   0.015   0.012   0.013   0.007  0.0128  0.0276  0.0124  0.0126  0.0103  0.0182

JapaneseMediaTropes
  mean                                 0.0007  0.0003  0.0021  0.0004  0.0004       0  0.0005       0  0.0008  0.0003  0.0006   0.012
  std. dev.                            0.0034   0.002  0.0084   0.002  0.0022  0.0004  0.0019  0.0049  0.0025  0.0022  0.0029   0.031

JustFunTropes
  mean                                 0.0014  0.0008  0.0016  0.0039  0.0019  0.0041  0.0016  0.0011  0.0018  0.0004  0.0023       0
  std. dev.                            0.0044  0.0028  0.0062  0.0111  0.0088  0.0171  0.0039  0.0041  0.0049  0.0017  0.0071       0

LanguageIndicesTropes
  mean                                      0   0.001       0       0       0  0.0003       0  0.0006  0.0001       0  0.0001       0
  std. dev.                            0.0016  0.0045  0.0016  0.0002  0.0002  0.0031  0.0016  0.0033  0.0014  0.0004  0.0007  0.0002

LanguageTropes
  mean                                  0.004  0.0025   0.005   0.005  0.0015  0.0117  0.0055  0.0066  0.0066  0.0059  0.0042  0.0014
  std. dev.                            0.0071   0.012  0.0114  0.0095  0.0074  0.0573  0.0091  0.0166  0.0124  0.0106  0.0082  0.0034

LawsFormulasTropes
  mean                                 0.0049       0  0.0032  0.0048  0.0001  0.0034  0.0085  0.0066  0.0042  0.0047  0.0057  0.0033
  std. dev.                            0.0083  0.0125  0.0077  0.0115  0.0009  0.0123  0.0223  0.0206  0.0081  0.0082  0.0084   0.008

LegacyTropes
  mean                                 0.0001       0       0  0.0002       0  0.0006       0  0.0002       0       0  0.0001       0
  std. dev.                            0.0006  0.0012  0.0003  0.0011  0.0012  0.0037       0  0.0014  0.0001  0.0012  0.0005  0.0012

LiteraryTropes
  mean                                      0       0  0.0001       0       0  0.0017       0  0.0001  0.0001  0.0006  0.0005  0.0008
  std. dev.                            0.0002  0.0042  0.0011  0.0042  0.0042  0.0137       0  0.0009  0.0006  0.0028   0.003  0.0028

LogicTropes
  mean                                 0.0009       0       0  0.0013       0  0.0004  0.0015  0.0014  0.0009  0.0016  0.0013  0.0008
  std. dev.                            0.0024  0.0037       0  0.0046  0.0002  0.0031  0.0064  0.0048  0.0026  0.0062  0.0038  0.0028

LoveTropes
  mean                                 0.0153       0  0.0155  0.0202  0.0211  0.0175  0.0203  0.0357  0.0234  0.0128  0.0072  0.0249
  std. dev.                            0.0177       0  0.0241  0.0352  0.0445  0.0525  0.0262  0.0625  0.0324   0.019   0.013  0.0321

LoyaltyTropes
  mean                                 0.0005       0  0.0005       0       0  0.0003  0.0004  0.0002  0.0002  0.0007  0.0008       0
  std. dev.                            0.0022       0  0.0026  0.0002  0.0002  0.0031   0.002  0.0014  0.0011  0.0031  0.0038  0.0002

LuckTropes
  mean                                 0.0005  0.0012  0.0002       0       0       0  0.0003       0  0.0002  0.0002  0.0001       0
  std. dev.                            0.0033  0.0052  0.0014  0.0004  0.0002  0.0022  0.0026  0.0022  0.0008  0.0012  0.0007  0.0002

MadnessTropes
  mean                                 0.0097  0.0004  0.0047   0.005  0.0071   0.001  0.0095  0.0055   0.004  0.0059  0.0046  0.0147
  std. dev.                            0.0114  0.0021  0.0096  0.0127  0.0184   0.004  0.0178  0.0129  0.0076    0.01  0.0073  0.0248

MailDeliveryTropes
  mean                                 0.0001       0  0.0003  0.0004       0  0.0001  0.0005  0.0002  0.0005  0.0002  0.0003       0
  std. dev.                            0.0012  0.0024  0.0027   0.002       0  0.0015  0.0042  0.0013  0.0029  0.0016   0.002  0.0024

MapTropes
  mean                                 0.0001  0.0022       0       0       0       0  0.0002  0.0001  0.0002  0.0002       0       0
  std. dev.                            0.0004  0.0071  0.0015  0.0001  0.0015  0.0015  0.0013  0.0008  0.0014  0.0009       0  0.0015

MediaTropes
  mean                                 0.0003  0.0053  0.0055  0.0022  0.0012  0.0025  0.0009  0.0032  0.0018  0.0002  0.0017       0
  std. dev.                            0.0014  0.0141  0.0158  0.0109  0.0062  0.0102  0.0032  0.0132  0.0061  0.0016  0.0052  0.0006

MemoryTropes
  mean                                 0.0022  0.0008  0.0016  0.0019  0.0004  0.0001  0.0021   0.002  0.0004       0  0.0029       0
  std. dev.                             0.007  0.0046  0.0072  0.0046  0.0022  0.0007   0.009  0.0087  0.0014       0  0.0086  0.0061

MetaConceptsTropes
  mean                                 0.0033  0.0036  0.0079  0.0085  0.0031  0.0164  0.0045  0.0057  0.0066  0.0039  0.0051  0.0044
  std. dev.                            0.0056  0.0127  0.0159  0.0173  0.0111  0.0407  0.0096  0.0144  0.0111  0.0074  0.0102  0.0098

MilitaryAndWarfareTropes
  mean                                 0.0089       0  0.0015  0.0011  0.0109  0.0066  0.0041  0.0012  0.0015  0.0175  0.0028  0.0119
  std. dev.                            0.0264  0.0203  0.0049  0.0034  0.0286  0.0229  0.0103  0.0047  0.0058  0.0492  0.0061  0.0396

MoneyTropes
  mean                                 0.0026  0.0023  0.0039  0.0006   0.004  0.0026  0.0043  0.0027   0.004  0.0042  0.0027  0.0055
  std. dev.                            0.0053  0.0067  0.0095  0.0027  0.0143  0.0123  0.0103  0.0089  0.0075  0.0084  0.0078  0.0108

Montages
  mean                                 0.0011       0  0.0022  0.0009       0       0   0.001       0  0.0011   0.001  0.0006  0.0026
  std. dev.                            0.0032  0.0042  0.0082  0.0044  0.0042  0.0004  0.0047  0.0003  0.0037  0.0041  0.0031   0.009

MoralityTropes
  mean                                 0.0167  0.0009  0.0068  0.0098  0.0054   0.008   0.013  0.0061   0.007  0.0164  0.0089  0.0088
  std. dev.                            0.0191  0.0047   0.016  0.0201  0.0165  0.0234  0.0194  0.0115  0.0093  0.0241  0.0117   0.014

MoreLikeFootnoteAnythingElseTropes
  mean                                      0       0       0       0       0       0       0       0       0       0  0.0005       0
  std. dev.                            0.0002  0.0004       0  0.0004  0.0004  0.0004  0.0001  0.0004  0.0004  0.0004   0.002  0.0004

Motifs
  mean                                 0.0007  0.0004  0.0007  0.0006  0.0022  0.0009  0.0016       0  0.0014   0.001  0.0018       0
  std. dev.                            0.0021  0.0023  0.0031  0.0021  0.0113  0.0057  0.0057  0.0001  0.0068  0.0039  0.0047  0.0002

MusicSoundEffects
  mean                                 0.0005  0.0013  0.0003  0.0005       0       0       0       0  0.0002       0  0.0003       0
  std. dev.                            0.0055  0.0059  0.0019  0.0025  0.0031       0  0.0002  0.0031   0.001  0.0031   0.002       0

MythologyTropes
  mean                                      0       0       0       0       0  0.0003       0       0       0       0       0       0
  std. dev.                            0.0006  0.0008  0.0008  0.0008  0.0008  0.0027  0.0008  0.0008  0.0002       0       0  0.0008

NarrativeDevices
  mean                                 0.0213  0.0054   0.016  0.0116  0.0096  0.0167  0.0178  0.0106  0.0151  0.0187  0.0165  0.0147
  std. dev.                            0.0171  0.0123  0.0194  0.0236  0.0208  0.0428  0.0187  0.0175  0.0154  0.0184  0.0147   0.022

NationalStereotypingTropes
  mean                                 0.0039  0.0011  0.0054  0.0037  0.0043  0.0073  0.0043  0.0122  0.0047  0.0048  0.0018  0.0147
  std. dev.                            0.0087  0.0051  0.0123  0.0118  0.0144  0.0265  0.0109  0.0528  0.0096  0.0101  0.0046  0.0207

NetworksTropes
  mean                                 0.0031  0.0121  0.0087  0.0046  0.0048  0.0159  0.0042  0.0043   0.005  0.0052  0.0055  0.0141
  std. dev.                            0.0085  0.0236  0.0202  0.0115  0.0239   0.041  0.0089  0.0148  0.0083  0.0093  0.0147   0.032

NewMediaTropes
  mean                                 0.0006  0.0021       0  0.0081       0  0.0005  0.0007  0.0008  0.0017  0.0018  0.0003       0
  std. dev.                            0.0024  0.0081       0  0.0225  0.0049  0.0035  0.0021  0.0042  0.0047   0.006  0.0015  0.0001

NewsTropes
  mean                                 0.0022       0  0.0002  0.0029       0  0.0016  0.0006  0.0034  0.0036  0.0002  0.0016       0
  std. dev.                            0.0115  0.0149  0.0013  0.0106  0.0149   0.011  0.0028  0.0135   0.027  0.0013  0.0057       0

NumberTropes
  mean                                 0.0015       0  0.0009       0  0.0015  0.0012  0.0041  0.0035  0.0011  0.0016  0.0046  0.0006
  std. dev.                             0.004  0.0061  0.0032  0.0061  0.0069  0.0063  0.0115   0.008  0.0027  0.0047  0.0083   0.002

ObsessionTropes
  mean                                 0.0006       0  0.0001       0  0.0027       0  0.0006  0.0021  0.0008  0.0001  0.0003       0
  std. dev.                            0.0036  0.0039  0.0007  0.0039  0.0137  0.0039  0.0027  0.0091  0.0028  0.0008  0.0016  0.0039

OccupationTropes
  mean                                 0.0003       0  0.0011       0  0.0014  0.0013  0.0003  0.0005  0.0002  0.0017  0.0003       0
  std. dev.                            0.0013  0.0034  0.0047  0.0034  0.0068  0.0075  0.0021  0.0031  0.0012  0.0054  0.0017  0.0034

OmnipresentTropes
  mean                                 0.0014  0.0002  0.0001       0  0.0176  0.0004  0.0026  0.0013  0.0008  0.0021   0.004       0
  std. dev.                            0.0038  0.0025  0.0008  0.0002  0.0541  0.0038  0.0094  0.0062  0.0027  0.0073  0.0101  0.0002

OverdosedTropes
  mean                                 0.0831  0.0487  0.0707  0.0535  0.0416  0.0429  0.0888  0.0712  0.0715   0.069  0.0831  0.0574
  std. dev.                            0.0374    0.04  0.0444  0.0355  0.0463  0.0497  0.0493  0.0667  0.0391  0.0424  0.0325  0.0469

PhilosophyTropes
  mean                                 0.0002       0  0.0001       0       0       0  0.0006       0  0.0004  0.0001       0  0.0016
  std. dev.                            0.0008       0  0.0011  0.0001  0.0018  0.0001   0.003  0.0018  0.0023  0.0007       0  0.0057

PoliticsTropes
  mean                                 0.0036       0  0.0023  0.0004  0.0025  0.0011  0.0023  0.0027   0.001  0.0035  0.0033       0
  std. dev.                            0.0088  0.0077    0.01   0.002  0.0086  0.0067  0.0073  0.0109  0.0032  0.0092  0.0104  0.0002

PovertyTropes
  mean                                 0.0001       0       0       0       0  0.0012  0.0004       0       0  0.0006  0.0001       0
  std. dev.                            0.0007  0.0034  0.0034  0.0005  0.0034  0.0106  0.0021       0  0.0003  0.0041  0.0005  0.0034

PowerTropes
  mean                                 0.0016  0.0005       0  0.0023       0  0.0027  0.0023  0.0009  0.0003  0.0009  0.0034  0.0017
  std. dev.                            0.0044  0.0029  0.0002  0.0095   0.006  0.0134   0.008  0.0051  0.0013  0.0033  0.0069   0.006

PragmatismTropes
  mean                                 0.0006  0.0002  0.0002       0       0  0.0003  0.0003  0.0001       0   0.001  0.0003  0.0006
  std. dev.                            0.0026  0.0015  0.0016       0       0  0.0037  0.0014  0.0007  0.0003  0.0043  0.0017   0.002

PridefulTropes
  mean                                 0.0006       0  0.0003       0       0       0  0.0016  0.0005  0.0005  0.0017  0.0009  0.0035
  std. dev.                            0.0022  0.0031  0.0017  0.0031  0.0031  0.0003  0.0057  0.0028  0.0017  0.0053  0.0032  0.0088

PrintMediaTropes
  mean                                      0       0       0       0       0       0  0.0001  0.0002       0       0       0       0
  std. dev.                            0.0006  0.0006  0.0006  0.0006  0.0006  0.0006  0.0011  0.0015  0.0006  0.0006  0.0006  0.0006

ProbabilityTropes
  mean                                 0.0004       0  0.0003       0  0.0008       0  0.0009  0.0037  0.0003  0.0001  0.0018       0
  std. dev.                            0.0016  0.0063  0.0024       0  0.0042  0.0005  0.0065   0.023  0.0012   0.001  0.0055       0

ProfessionalWrestling
  mean                                 0.0044   0.013  0.0058  0.0044  0.0053  0.0044  0.0044  0.0047  0.0084  0.0077  0.0082  0.0014
  std. dev.                            0.0074  0.0199   0.011  0.0121  0.0143  0.0175  0.0084  0.0138  0.0158  0.0118  0.0174  0.0034

PsychologyTropes
  mean                                 0.0008       0  0.0001  0.0006       0       0  0.0012  0.0003  0.0011  0.0009  0.0002  0.0268
  std. dev.                            0.0024       0  0.0009  0.0021  0.0003  0.0042  0.0033  0.0022  0.0032  0.0032  0.0013  0.0201

RealityTVTropes
  mean                                 0.0006  0.0077  0.0006  0.0009  0.0048  0.0026  0.0024  0.0012  0.0028  0.0034  0.0002  0.0158
  std. dev.                            0.0031  0.0281  0.0024  0.0044  0.0149  0.0133  0.0098  0.0075   0.009  0.0097  0.0016  0.0316

RecognitionTropes
  mean                                 0.0012   0.003  0.0027  0.0014  0.0134       0  0.0013  0.0007  0.0012  0.0042  0.0022       0
  std. dev.                            0.0031  0.0096  0.0075  0.0053  0.0213  0.0004  0.0042  0.0039  0.0031  0.0099  0.0056  0.0003

RejectionIndexTropes
  mean                                 0.0002       0       0  0.0002       0       0       0       0  0.0002       0  0.0006       0
  std. dev.                            0.0008   0.001   0.001  0.0011   0.001   0.001  0.0002   0.001  0.0017   0.001  0.0023   0.001

ReligionTropes
  mean                                 0.0047       0  0.0024  0.0011   0.002  0.0045  0.0039  0.0013  0.0017  0.0031  0.0005       0
  std. dev.                            0.0122       0  0.0074  0.0053  0.0073  0.0322  0.0095  0.0065  0.0054   0.007  0.0016  0.0126

ResponsibilityTropes
  mean                                 0.0003       0  0.0001       0       0       0  0.0001  0.0008  0.0004  0.0009  0.0002       0
  std. dev.                            0.0015  0.0021  0.0009  0.0021  0.0021  0.0021   0.001  0.0049  0.0026   0.004  0.0014  0.0021

ReturnIndexTropes
  mean                                 0.0008       0  0.0037       0       0  0.0004  0.0008  0.0002   0.001  0.0007  0.0005       0
  std. dev.                            0.0027  0.0047  0.0125  0.0047  0.0047  0.0029  0.0032  0.0016  0.0036  0.0025  0.0018  0.0047

RevengeTropes
  mean                                 0.0015  0.0006  0.0013  0.0014  0.0008  0.0003  0.0013  0.0037  0.0006  0.0002  0.0003       0
  std. dev.                            0.0043  0.0028  0.0049  0.0038  0.0035  0.0029   0.005  0.0147  0.0024  0.0009  0.0017       0

RitualsCeremoniesTropes
  mean                                      0       0       0       0       0  0.0002  0.0002       0  0.0001       0  0.0002       0
  std. dev.                            0.0003   0.001   0.001   0.001       0  0.0025  0.0013   0.001  0.0005   0.001  0.0011   0.001

RoyaltyNobilityTropes
  mean                                 0.0007       0       0       0  0.0002  0.0011  0.0013  0.0043  0.0001  0.0006  0.0017  0.0021
  std. dev.                            0.0027  0.0057  0.0005  0.0057  0.0018  0.0066  0.0057  0.0188  0.0008  0.0033  0.0043  0.0051

SchoolTropes
  mean                                 0.0014  0.0002  0.0026  0.0072       0  0.0028  0.0048  0.0012  0.0048  0.0015  0.0015  0.0013
  std. dev.                            0.0056  0.0012  0.0087  0.0305  0.0121  0.0236  0.0112  0.0048  0.0135  0.0054  0.0054  0.0045

SelfishnessTropes
  mean                                 0.0006       0  0.0005       0       0  0.0006  0.0013  0.0013  0.0006  0.0008  0.0004  0.0109
  std. dev.                            0.0037       0  0.0029  0.0044       0  0.0045  0.0057  0.0056  0.0022  0.0033  0.0022  0.0195

SelflessnessTropes
  mean                                      0       0       0       0       0       0  0.0004  0.0001  0.0001  0.0001       0       0
  std. dev.                            0.0009  0.0009  0.0009  0.0009  0.0009  0.0009  0.0022  0.0004  0.0004   0.001       0  0.0009

SequentialArtTropes
  mean                                      0       0       0       0       0       0       0       0  0.0001       0       0       0
  std. dev.                            0.0003  0.0003  0.0003  0.0003  0.0003  0.0003  0.0002  0.0003  0.0006       0  0.0003  0.0003

SeriesTropes
  mean                                 0.0014  0.0026  0.0017  0.0017  0.0029  0.0055  0.0022  0.0027  0.0009  0.0014   0.001  0.0026
  std. dev.                            0.0063  0.0072  0.0078   0.008  0.0121  0.0218   0.007  0.0136  0.0026  0.0053  0.0038   0.009

SexualHarassmentRapeTropes
  mean                                 0.0024  0.0003  0.0002  0.0011       0       0  0.0007  0.0008  0.0003  0.0031  0.0002  0.0027
  std. dev.                            0.0073  0.0021  0.0011  0.0052  0.0047  0.0047  0.0025  0.0041  0.0013  0.0088  0.0012  0.0094

ShapesSymbolsTropes
  mean                                      0       0  0.0001       0       0  0.0004  0.0002       0       0  0.0001  0.0014       0
  std. dev.                            0.0004  0.0013   0.001  0.0013  0.0013  0.0035  0.0011  0.0013  0.0003   0.001  0.0028  0.0013

ShowBusinessTropes
  mean                                  0.001  0.0023  0.0033  0.0009       0  0.0116  0.0015  0.0001  0.0017  0.0017  0.0012  0.0039
  std. dev.                            0.0031  0.0072  0.0088  0.0029  0.0006   0.036  0.0059  0.0009  0.0038  0.0059  0.0034  0.0093

SilenceTropes
  mean                                 0.0003       0  0.0001  0.0044       0       0  0.0003       0  0.0002  0.0005  0.0004       0
  std. dev.                            0.0012  0.0027  0.0009   0.017       0  0.0027  0.0015  0.0027  0.0014  0.0025  0.0013  0.0027

SnowClonesTropes
  mean                                 0.0004  0.0017  0.0004  0.0002  0.0021  0.0011  0.0004  0.0004  0.0002  0.0001  0.0006   0.003
  std. dev.                            0.0018  0.0101  0.0024  0.0017  0.0077  0.0079  0.0021   0.003  0.0014  0.0008  0.0022  0.0105

SociologyTropes
  mean                                 0.0005       0       0       0       0       0  0.0002       0       0       0  0.0001       0
  std. dev.                            0.0029  0.0015       0  0.0015  0.0015       0  0.0011       0  0.0001  0.0015  0.0006  0.0015

SourGrapesTropes
  mean                                 0.0014       0  0.0006  0.0005  0.0012  0.0003  0.0023       0  0.0023  0.0008  0.0034   0.002
  std. dev.                            0.0033  0.0053  0.0024  0.0027  0.0062  0.0025  0.0075       0  0.0074  0.0028  0.0087  0.0071

SpeculativeFictionTropes
  mean                                 0.0209  0.0003   0.004  0.0212  0.0171   0.024  0.0156   0.006  0.0054  0.0095  0.0284  0.0019
  std. dev.                            0.0331  0.0015  0.0102  0.0319  0.0329  0.0575  0.0295   0.022  0.0136  0.0213  0.0426  0.0047

SplitPersonalityTropes
  mean                                 0.0008       0       0       0       0  0.0001  0.0002  0.0001  0.0001  0.0001  0.0004       0
  std. dev.                            0.0043  0.0022  0.0002  0.0022  0.0022   0.001  0.0008  0.0009  0.0005  0.0008  0.0019  0.0022

SpoileredRottenTropes
  mean                                 0.0023       0  0.0002  0.0057       0       0  0.0006  0.0016  0.0002  0.0015  0.0004  0.0038
  std. dev.                            0.0072  0.0052  0.0014  0.0201  0.0052  0.0001  0.0023  0.0057  0.0012  0.0045   0.002  0.0098

SportsStoryTropes
  mean                                 0.0003  0.0041  0.0002       0  0.0062  0.0009  0.0014       0  0.0009  0.0001  0.0006       0
  std. dev.                            0.0012  0.0111  0.0013  0.0001  0.0188  0.0071  0.0061  0.0049  0.0033  0.0007  0.0024  0.0049

StealthTropes
  mean                                 0.0001       0       0       0       0  0.0001  0.0001  0.0005       0       0  0.0003       0
  std. dev.                            0.0004  0.0009       0  0.0009  0.0009  0.0012  0.0006   0.003  0.0004  0.0009  0.0014  0.0009

StockRoomTropes
  mean                                 0.0003       0       0  0.0035  0.0001       0  0.0001       0  0.0002       0  0.0001       0
  std. dev.                            0.0019  0.0017  0.0017  0.0076  0.0009  0.0017  0.0006  0.0017  0.0015  0.0001  0.0006  0.0017

StupidityTropes
  mean                                 0.0021  0.0004  0.0012  0.0008  0.0033       0  0.0028  0.0012  0.0035  0.0029  0.0034  0.0026
  std. dev.                            0.0047  0.0017  0.0046  0.0026  0.0139  0.0066  0.0088  0.0048  0.0075  0.0089  0.0083   0.009

SubstitutionTropes
  mean                                  0.001       0  0.0031  0.0008       0  0.0008  0.0045  0.0005   0.001  0.0011  0.0006  0.0108
  std. dev.                            0.0026       0  0.0095  0.0028       0  0.0058  0.0129   0.003  0.0027   0.004  0.0023  0.0187

SuperheroTropes
  mean                                 0.0023  0.0005  0.0006  0.0046  0.0001  0.0025  0.0031  0.0016  0.0006  0.0005  0.0089  0.0011
  std. dev.                            0.0061  0.0029  0.0031   0.018  0.0009  0.0114  0.0092  0.0058  0.0022  0.0023  0.0212   0.004

TelevisionTropes
  mean                                 0.0027  0.0113  0.0084  0.0089  0.0094  0.0144  0.0048  0.0052  0.0023  0.0052  0.0046  0.0047
  std. dev.                            0.0076  0.0225  0.0167  0.0227  0.0281  0.0388  0.0126  0.0134  0.0055  0.0109  0.0085  0.0099

TextTropes
  mean                                 0.0005       0       0       0       0       0       0  0.0004  0.0009       0  0.0003       0
  std. dev.                            0.0036  0.0035  0.0004  0.0035       0  0.0035  0.0003  0.0031   0.006  0.0005   0.002  0.0035

TheExIndexTropes
  mean                                 0.0002       0  0.0006  0.0011       0  0.0039  0.0003  0.0006  0.0007  0.0002  0.0003       0
  std. dev.                             0.001   0.005   0.004  0.0052   0.005  0.0144  0.0018  0.0033   0.003  0.0019  0.0022   0.005

TheOldestOnesBookTropes
  mean                                 0.0001   0.001       0       0       0       0       0       0  0.0001       0       0       0
  std. dev.                             0.001  0.0035  0.0009  0.0009  0.0009  0.0009  0.0001  0.0009  0.0008  0.0009  0.0009  0.0009

TheSecretIndexTropes
  mean                                 0.0009       0       0       0       0  0.0007  0.0005  0.0003  0.0007  0.0008  0.0013       0
  std. dev.                            0.0042   0.004       0   0.004       0  0.0067  0.0022  0.0019   0.005  0.0042  0.0041   0.004

TheaterTropes
  mean                                      0  0.0007  0.0003  0.0008       0  0.0014  0.0004       0  0.0014   0.001  0.0001       0
  std. dev.                            0.0002  0.0041  0.0017  0.0039  0.0051  0.0106  0.0017  0.0051  0.0079  0.0036  0.0009  0.0051

ThereAreNoIndexesTropes
  mean                                 0.0005       0  0.0003       0       0  0.0006  0.0006  0.0002  0.0006       0  0.0001       0
  std. dev.                            0.0025  0.0026  0.0024  0.0026  0.0026  0.0047  0.0027  0.0014  0.0026  0.0026  0.0005  0.0026

TheseTropesAreEqualTropes
  mean                                 0.0003  0.0004  0.0003       0       0  0.0008       0       0  0.0001  0.0001  0.0001       0
  std. dev.                            0.0019  0.0022  0.0017  0.0002  0.0002  0.0057  0.0003       0  0.0004  0.0007  0.0007  0.0002

ThisIndexDoesNotExistTropes
  mean                                 0.0002       0       0       0       0       0       0       0       0       0       0       0
  std. dev.                            0.0015  0.0008  0.0008  0.0008  0.0008  0.0008  0.0004  0.0008  0.0008  0.0008  0.0002  0.0008

ThisIndexHappenedOffscreenTropes
  mean                                 0.0008       0  0.0012  0.0014       0  0.0013  0.0004  0.0008  0.0009  0.0003  0.0013       0
  std. dev.                            0.0025  0.0038  0.0051  0.0066  0.0002  0.0083  0.0015  0.0041  0.0026  0.0016  0.0052  0.0002

ThisIndexHasLeftBuildingTropes
  mean                                      0       0       0       0       0       0       0       0       0       0       0       0
  std. dev.                            0.0002  0.0001  0.0001  0.0001  0.0001  0.0001  0.0001  0.0001  0.0001  0.0001  0.0001  0.0001

ThisIndexIsUnstoppableTropes
  mean                                 0.0003       0       0       0       0       0       0       0       0       0       0       0
  std. dev.                            0.0017  0.0008  0.0008  0.0008  0.0008  0.0008  0.0001  0.0008  0.0001       0  0.0008  0.0008

ThisIndexIsWayTropes
  mean                                 0.0003       0  0.0001  0.0002       0       0  0.0002  0.0004       0  0.0002  0.0003  0.0006
  std. dev.                             0.002  0.0014  0.0006  0.0011  0.0014       0  0.0017  0.0019  0.0004  0.0013  0.0012   0.002

ThisIsYourIndexDrugsTropes
  mean                                  0.001       0  0.0026  0.0004       0  0.0001  0.0012  0.0003  0.0014   0.003   0.002  0.0026
  std. dev.                            0.0031       0  0.0094  0.0018   0.005  0.0007  0.0039  0.0029  0.0041  0.0098  0.0075   0.009

ThisMightBeIndexTropes
  mean                                 0.0033  0.0003  0.0033  0.0011  0.0063  0.0026  0.0023  0.0033  0.0011  0.0029  0.0027       0
  std. dev.                            0.0068   0.002  0.0098  0.0045  0.0319  0.0085  0.0054  0.0104  0.0033  0.0066  0.0054  0.0001

ThreateningTropes
  mean                                 0.0017       0  0.0003  0.0004       0  0.0001  0.0006  0.0006  0.0008  0.0005  0.0032       0
  std. dev.                            0.0045  0.0044  0.0017  0.0018  0.0044  0.0009   0.002  0.0026  0.0066  0.0028  0.0079  0.0044

TimeTropes
  mean                                 0.0002       0  0.0001       0       0  0.0009  0.0005  0.0001       0       0  0.0001       0
  std. dev.                            0.0011  0.0024  0.0009  0.0024  0.0024  0.0071  0.0022  0.0009  0.0003       0  0.0006  0.0024

TinyTropes
  mean                                 0.0001       0       0       0       0       0  0.0001  0.0001  0.0003  0.0002  0.0059  0.0006
  std. dev.                            0.0008       0  0.0001  0.0001  0.0022  0.0022  0.0008  0.0011  0.0013  0.0009  0.0098   0.002

TokusatsuTropes
  mean                                 0.0014  0.0003  0.0017   0.001       0  0.0009  0.0006  0.0047  0.0003  0.0002  0.0047  0.0031
  std. dev.                            0.0104  0.0021  0.0073  0.0041  0.0097  0.0057  0.0025  0.0306  0.0019  0.0012  0.0093  0.0083

ToyTropes
  mean                                      0       0  0.0001  0.0002       0       0  0.0006       0       0       0  0.0032       0
  std. dev.                            0.0002  0.0022  0.0011  0.0011       0       0  0.0032  0.0001  0.0004  0.0022  0.0098  0.0022

TreasureTropes
  mean                                      0       0       0       0       0       0  0.0001       0       0  0.0009  0.0001       0
  std. dev.                            0.0001   0.001   0.001   0.001   0.001   0.001  0.0009   0.001  0.0004  0.0043  0.0006   0.001

TropeTropes
  mean                                 0.0007       0  0.0005  0.0031       0       0   0.001  0.0002  0.0012  0.0004   0.001       0
  std. dev.                            0.0021  0.0032  0.0022  0.0109  0.0032  0.0032   0.004  0.0011  0.0037  0.0028  0.0036  0.0032

Tropes
  mean                                      0  0.0189       0       0       0       0  0.0003  0.0002  0.0001       0       0       0
  std. dev.                            0.0001  0.0228       0  0.0004  0.0051  0.0051  0.0029  0.0015  0.0013  0.0051  0.0002  0.0051

TropesAboutTaboosTropes
  mean                                 0.0002       0  0.0004       0       0       0       0  0.0001       0       0  0.0001       0
  std. dev.                            0.0014  0.0013  0.0035  0.0013  0.0013  0.0013  0.0004  0.0006  0.0002  0.0013  0.0009  0.0013

TropesNatureTropes
  mean                                 0.0002       0  0.0006       0       0  0.0003  0.0005       0  0.0002  0.0001  0.0037  0.0026
  std. dev.                            0.0011  0.0026   0.004  0.0026  0.0026  0.0023  0.0025  0.0002  0.0011  0.0006  0.0084   0.009

TropesSaleTropes
  mean                                      0       0  0.0013       0       0  0.0001       0       0       0       0  0.0001       0
  std. dev.                            0.0004  0.0015  0.0046  0.0002  0.0002  0.0011  0.0001  0.0015  0.0005  0.0004  0.0007  0.0002

TropesWisdomTropes
  mean                                 0.0003       0  0.0022  0.0014  0.0001  0.0004  0.0002  0.0008  0.0005  0.0005  0.0001       0
  std. dev.                            0.0017  0.0033  0.0076  0.0053  0.0009  0.0034  0.0012  0.0045  0.0022  0.0023  0.0008  0.0002

TruthLiesTropes
  mean                                 0.0006  0.0001  0.0003  0.0009  0.0004  0.0022  0.0007  0.0011  0.0008  0.0007  0.0004  0.0058
  std. dev.                            0.0019  0.0007  0.0015  0.0044  0.0022  0.0124  0.0033  0.0058  0.0024  0.0035  0.0017  0.0114

TruthTelevisionTropes
  mean                                 0.0005  0.0007  0.0008       0  0.0038  0.0002  0.0005  0.0004  0.0006  0.0028  0.0003       0
  std. dev.                            0.0028  0.0031  0.0042  0.0004  0.0138   0.002  0.0031  0.0032  0.0023  0.0091  0.0017  0.0039

UniversalTropes
  mean                                 0.0007  0.0001  0.0008  0.0009  0.0004  0.0012  0.0003       0  0.0008  0.0013  0.0006  0.0006
  std. dev.                            0.0027  0.0007  0.0046  0.0044  0.0022  0.0082  0.0012  0.0039   0.004  0.0041  0.0019   0.002

UsefulNotesTropes
  mean                                 0.0002  0.0063       0  0.0006       0  0.0005  0.0004   0.001  0.0006  0.0005  0.0011       0
  std. dev.                            0.0012   0.017       0   0.003  0.0042  0.0035  0.0023  0.0063   0.003  0.0033   0.007       0

VandalismTropes
  mean                                 0.0003       0       0       0  0.0002  0.0005  0.0001       0       0  0.0003       0       0
  std. dev.                            0.0019  0.0019  0.0004  0.0005  0.0018  0.0049  0.0013  0.0019       0   0.002       0  0.0019

VehicleIndexTropes
  mean                                 0.0011       0  0.0012  0.0029  0.0143  0.0006   0.001  0.0005  0.0007  0.0004  0.0073       0
  std. dev.                            0.0038  0.0065  0.0052  0.0081  0.0277  0.0051   0.003  0.0021  0.0039  0.0025  0.0157  0.0065

VelocityIndexTropes
  mean                                 0.0003       0  0.0001  0.0006       0       0  0.0003  0.0001       0       0  0.0003       0
  std. dev.                             0.002  0.0013  0.0006  0.0027  0.0013  0.0013  0.0015  0.0007  0.0013  0.0002  0.0014  0.0013

VictoryDefeatTropes
  mean                                 0.0003   0.004       0  0.0005       0       0  0.0002  0.0002  0.0002  0.0004  0.0003       0
  std. dev.                            0.0016  0.0089       0  0.0027  0.0021  0.0021  0.0012  0.0018  0.0015  0.0021  0.0016       0

WalkingTropes
  mean                                      0       0  0.0001       0       0       0  0.0002  0.0009  0.0001       0  0.0002       0
  std. dev.                            0.0003  0.0017   0.001  0.0017  0.0017       0  0.0009  0.0065  0.0012       0  0.0008  0.0017

WeatherEnvironmentTropes
  mean                                 0.0005  0.0001       0  0.0017       0  0.0015  0.0004       0  0.0002  0.0004  0.0034       0
  std. dev.                            0.0017  0.0007  0.0045  0.0061  0.0045  0.0112  0.0019  0.0045   0.001  0.0017  0.0148       0



Time taken to build model (full training data) : 1380.56 seconds

=== Model and evaluation on training set ===

Clustered Instances

 0       204 ( 16%)
 1        45 (  3%)
 2       172 ( 13%)
 3        59 (  5%)
 4        65 (  5%)
 5        68 (  5%)
 6       124 (  9%)
 7        43 (  3%)
 8       185 ( 14%)
 9       165 ( 13%)
10        84 (  6%)
11        97 (  7%)


Log likelihood: 913.25878
